1 44
2 25
3 11
4 32
5 21
6 34
7 13
8 38
9 12
10 31
11 1
12 37
13 10
14 45
15 25
16 25
17 37
18 41
19 41
20 17
21 18
22 42
23 16
24 0
25 44
26 17
27 47
28 25
29 11
30 25
31 19
32 5
33 0
34 30
35 39
36 23
37 15
38 4
39 13
40 29
41 36
42 15
43 16
44 48
45 10
46 41
47 24
48 47
49 35
50 17
51 14
52 3
53 9
54 32
55 5
56 3
57 0
58 2
59 30
60 13
61 27
62 0
63 20
64 29
65 32
66 12
67 5
68 47
69 18
70 18
71 28
72 4
73 35
74 44
75 5
76 46
77 38
78 31
79 45
80 25
81 48
82 10
83 30
84 9
85 44
86 35
87 14
88 46
89 40
90 44
91 11
92 19
93 46
94 32
95 1
96 29
97 46
98 8
99 28
100 14
