1 3
2 14
3 36
4 21
5 6
6 0
7 45
8 34
9 12
10 18
11 9
12 35
13 31
14 44
15 24
16 21
17 12
18 32
19 15
20 48
21 11
22 41
23 17
24 13
25 3
26 36
27 17
28 35
29 36
30 46
31 44
32 39
33 12
34 32
35 12
36 18
37 32
38 7
39 4
40 46
41 28
42 14
43 31
44 11
45 10
46 8
47 32
48 22
49 40
50 48
51 20
52 3
53 41
54 39
55 16
56 45
57 28
58 35
59 32
60 14
61 31
62 28
63 6
64 43
65 10
66 20
67 11
68 42
69 30
70 16
71 41
72 10
73 32
74 22
75 21
76 42
77 32
78 5
79 14
80 24
81 5
82 36
83 27
84 47
85 28
86 45
87 44
88 6
89 30
90 26
91 22
92 13
93 6
94 30
95 6
96 16
97 1
98 20
99 10
100 33
